80923 85065 6883714995 165988 -4142 0.9513078234291424
30894 38805 1198841670 69699 -7911 0.7961345187475841
95219 57416 5467094104 152635 37803 1.6584053225581719
38729 78272 3031396288 117001 -39543 0.49480018397383485
83370 13214 1101651180 96584 70156 6.309217496594521
56225 84144 4730996400 140369 -27919 0.6681997528047158
60143 26696 1605577528 86839 33447 2.252884327240036
18035 18788 338841580 36823 -753 0.9599212263146689
99105 15738 1559714490 114843 83367 6.297178802897446
65958 53599 3535282842 119557 12359 1.230582660124256
46741 96089 4491295949 142830 -49348 0.48643445139402014
59257 68680 4069770760 127937 -9423 0.862798485730926
82278 77091 6342893298 159369 5187 1.0672841187687279
33225 20986 697259850 54211 12239 1.583198322691318
23130 24321 562544730 47451 -1191 0.9510299740964598
43090 25927 1117194430 69017 17163 1.6619740039341226
83651 98849 8268817699 182500 -15198 0.8462503414298577
33670 78374 2638852580 112044 -44704 0.4296067573429964
60986 90172 5499229592 151158 -29186 0.6763296810539857
42326 35313 1494658038 77639 7013 1.1985954181179737
38666 39601 1531212266 78267 -935 0.9763894851140122
47273 81213 3839182149 128486 -33940 0.5820866117493505
61785 14213 878150205 75998 47572 4.347076619995779
19362 38106 737808372 57468 -18744 0.5081089592190207
32639 47095 1537133705 79734 -14456 0.6930459709098631
69560 57535 4002134600 127095 12025 1.2090032154340835
27899 39333 1097351367 67232 -11434 0.7093026212086543
52672 15961 840697792 68633 36711 3.3000438569011967
76351 20608 1573441408 96959 55743 3.7049204192546585
52367 98535 5159982345 150902 -46168 0.5314558278784188
68845 44701 3077440345 113546 24144 1.5401221449184581
85733 93362 8004204346 179095 -7629 0.9182858122148198
11286 71801 810346086 83087 -60515 0.15718444032812914
83575 64582 5397440650 148157 18993 1.2940912328512588
35686 87321 3116137206 123007 -51635 0.40867603440180483
77000 40296 3102792000 117296 36704 1.9108596386738137
45934 60981 2801101254 106915 -15047 0.7532510126104852
24061 41480 998050280 65541 -17419 0.5800626808100289
17267 50783 876870061 68050 -33516 0.340015359470689
77267 97237 7513211279 174504 -19970 0.7946255026378848
56901 29628 1685862828 86529 27273 1.920514378290806
37097 34458 1278288426 71555 2639 1.0765859887399152
72691 15845 1151788895 88536 56846 4.587630167245187
42074 34386 1446756564 76460 7688 1.223579363694527
45882 26330 1208073060 72212 19552 1.7425750094948729
89803 23350 2096900050 113153 66453 3.845952890792291
71545 16585 1186573825 88130 54960 4.313837805245704
54115 18811 1017957265 72926 35304 2.87677422784541
83427 72824 6075487848 156251 10603 1.1455976051851038
40719 66328 2700809832 107047 -25609 0.6139036304426486
76139 20008 1523389112 96147 56131 3.8054278288684524
49564 39036 1934780304 88600 10528 1.2696997643201147
33526 74556 2499564456 108082 -41030 0.4496754117710178
58019 10775 625154725 68794 47244 5.384593967517401
94505 87297 8250002985 181802 7208 1.0825687022463544
69888 21781 1522230528 91669 48107 3.208668105229328
77827 97989 7626189903 175816 -20162 0.7942422108604027
71050 52112 3702557600 123162 18938 1.363409579367516
66116 68079 4501111164 134195 -1963 0.9711658514373008
15632 64079 1001682928 79711 -48447 0.24394887560667303
86224 31562 2721401888 117786 54662 2.73189278245992
36385 44008 1601231080 80393 -7623 0.8267814942737685
67358 27387 1844733546 94745 39971 2.4594880782853177
48032 51778 2487000896 99810 -3746 0.9276526710185793
16683 76460 1275582180 93143 -59777 0.21819251896416428
74809 95393 7136254937 170202 -20584 0.784218967848794
41563 90005 3740877815 131568 -48442 0.46178545636353535
61336 30188 1851611168 91524 31148 2.0318007155160993
37192 87939 3270627288 125131 -50747 0.42292953069741523
52073 96666 5033688618 148739 -44593 0.5386899219994621
63129 60640 3828142560 123769 2489 1.0410455145118733
53611 68975 3697818725 122586 -15364 0.7772526277636825
80095 11531 923575445 91626 68564 6.946058451131732
77018 50022 3852594396 127040 26996 1.5396825396825398
26472 19867 525919224 46339 6605 1.3324608647505913
39464 10176 401585664 49640 29288 3.87814465408805 t
85450 85812 7332635400 171262 -362 0.9957814757842726
24131 11413 275407103 35544 12718 2.1143432927363532
40444 42698 1726877912 83142 -2254 0.9472106421846457
92979 99452 9246947508 192431 -6473 0.9349133250211157
27108 79423 2152998684 106531 -52315 0.3413117107135213
56534 43577 2463582118 100111 12957 1.2973357505105905
98733 23002 2271056466 121735 75731 4.2923658812277194
17345 41159 713902855 58504 -23814 0.42141451444398553
15547 25438 395484586 40985 -9891 0.6111722619702806
69674 93869 6540228706 163543 -24195 0.742247174253481
95705 99968 9567437440 195673 -4263 0.9573563540332907
23543 20595 484868085 44138 2948 1.1431415392085458
63710 67694 4312784740 131404 -3984 0.9411469258723077
45266 93288 4222774608 138554 -48022 0.48522853957636564
59827 52779 3157609233 112606 7048 1.1335379601735538
83940 62912 5280833280 146852 21028 1.3342446592065107
98231 71921 7064871751 170152 26310 1.3658180503608126
89520 59836 5356518720 149356 29684 1.4960893107828064
81570 83450 6807016500 165020 -1880 0.9774715398442181
96401 91514 8822041114 187915 4887 1.0534016653189675
17858 92190 1646329020 110048 -74332 0.193708645189283
46381 73159 3393187579 119540 -26778 0.6339753140420181
24513 67157 1646219541 91670 -42644 0.3650103488839585
26322 94215 2479927230 120537 -67893 0.2793822639707053